5 4
3 2 1 5
2 2 5 3
4 1 3
5 1 1

1 0 

18 14
3 1 18
7 1 2
10 1 7
12 1 18
6 2 3 5
13 2 2 7
4 1 12
15 4 2 3 6 13
9 3 2 7 15
11 3 18 7 4
17 4 6 13 4 9
1 3 10 8 12
16 6 2 7 8 5 4 11
14 3 13 4 1

80 76
14 1 73
43 2 75 14
50 1 43
26 1 46
78 1 73
42 2 43 26
2 4 75 73 46 42
65 1 14
52 6 75 43 46 26 2 65
21 3 43 50 42
6 4 14 43 46 55
67 3 50 46 6
23 4 73 46 42 6
68 1 52
8 7 50 46 55 42 2 67 68
41 6 75 14 42 65 21 67
31 7 43 26 78 65 68 8 41
44 6 73 14 43 55 42 68
72 5 55 42 6 68 31
16 6 42 52 6 67 8 72
61 7 55 65 21 8 44 72 16
33 4 78 52 6 23
25 7 43 46 55 52 23 72 61
79 7 73 14 67 23 31 16 33
3 10 75 73 43 65 52 68 8 31 72 16
5 6 75 78 8 41 16 25
37 8 75 73 6 67 68 41 31 5
47 11 75 73 46 2 6 68 8 41 44 79 37
18 6 73 50 46 55 31 5
48 7 46 26 41 25 3 37 47
38 10 14 50 46 55 8 25 79 5 37 47
4 11 75 14 43 65 67 23 25 5 47 18 48
76 10 75 14 55 78 2 21 6 67 33 18
62 8 46 2 31 16 61 25 79 3
34 6 14 26 55 67 72 48
70 15 73 46 42 21 6 23 8 31 44 72 33 37 48 38 34
12 14 14 26 78 2 67 8 31 44 72 79 3 5 47 18
64 10 46 42 2 68 31 61 79 48 62 34
28 11 65 67 23 68 8 41 48 38 76 12 64
51 9 73 52 67 8 33 79 48 38 4
11 10 75 50 55 6 41 61 79 5 37 70
45 14 75 14 43 26 78 65 21 79 3 18 76 70 12 51
69 9 50 2 6 72 61 25 3 38 64
13 8 46 21 25 38 4 34 12 45
32 12 14 26 65 6 8 72 61 5 37 18 70 11
53 13 55 78 42 23 61 25 5 37 47 76 70 45 13
17 12 55 78 21 44 61 33 25 37 76 34 51 53
54 10 43 2 65 52 68 33 3 48 76 45
27 7 75 14 42 67 5 18 38
35 13 75 14 26 52 67 31 25 18 4 34 12 69 13
30 14 50 21 6 41 72 16 61 25 3 48 34 32 53 17
36 15 50 26 21 6 23 8 31 3 18 48 4 45 69 13 54
66 12 43 55 41 44 37 18 34 70 64 51 53 35
77 14 75 43 55 65 52 21 61 3 5 34 64 28 45 30
58 13 73 26 52 21 72 3 18 38 70 12 64 54 36
59 10 43 46 23 4 76 34 28 32 53 17
7 8 78 44 16 25 48 11 54 35
29 11 73 42 6 68 31 44 18 51 30 77 58
9 22 73 14 43 46 78 65 52 21 6 8 61 5 18 48 76 62 12 51 27 35 66 58
40 9 50 55 78 42 25 34 11 32 54
39 18 50 46 78 68 72 33 5 48 38 76 64 11 32 53 35 66 77 58
49 15 75 46 23 41 61 25 79 48 76 12 64 11 27 35 40
57 19 75 46 26 78 65 52 31 16 3 5 48 34 64 32 53 7 29 9 39
80 12 73 55 42 23 68 41 44 18 76 64 17 77
19 14 43 21 44 72 16 61 5 76 51 45 69 13 32 30
15 23 75 73 14 43 50 42 23 68 8 41 31 18 48 38 76 69 13 17 9 40 39 49 19
63 14 75 14 2 23 41 44 16 33 18 4 34 27 40 80
1 20 75 50 55 2 52 21 68 61 37 4 76 54 27 35 36 66 58 59 9 40
20 19 14 26 55 2 52 8 31 25 48 4 62 45 69 17 30 66 7 15 1
10 25 43 42 52 6 68 8 31 72 79 3 47 4 34 51 11 13 32 66 7 9 80 19 15 63 1
71 21 26 55 42 2 21 31 44 25 18 48 45 32 17 27 36 58 7 39 19 15 20
74 19 75 46 26 52 61 33 79 3 37 18 48 38 32 35 66 77 58 57 20
60 17 75 50 42 2 65 52 6 67 41 31 79 37 28 51 13 59 80
56 15 50 55 21 67 61 79 48 12 28 45 66 57 19 74 60
24 20 14 46 65 52 21 8 47 38 4 76 17 27 30 77 29 39 49 15 20 74
22 22 43 46 55 65 6 16 33 25 5 37 76 36 66 29 40 39 57 80 1 20 60 56

27 20
15 1 10
14 3 10 8 12
24 3 10 6 14
18 1 10
17 5 10 8 12 14 24
13 3 25 8 6
21 1 6
5 2 19 13
3 1 8
2 5 8 15 14 24 5
23 4 15 6 13 21
11 9 25 15 6 18 13 21 5 2 23
16 6 25 15 13 22 2 23
20 5 14 19 17 5 23
7 6 10 15 12 14 19 11
27 6 25 15 19 3 23 16
26 6 8 6 17 3 11 7
4 7 25 8 15 14 24 13 11
9 7 14 19 18 2 23 16 27
1 8 10 8 6 12 17 13 2 16

19 14
3 1 10
14 4 13 10 3 11
12 2 10 3
4 3 13 3 12
19 2 13 2
9 3 13 12 4
5 4 17 11 2 4
15 5 3 17 14 19 9
7 2 11 19
6 2 12 7
18 3 11 4 19
16 3 11 5 15
1 6 14 12 19 9 6 16
8 3 13 12 19